[Settings]
mode=2
last_angle=360
pixel_size=0.074800
source_detector_distance=527.997070
source_object_distance=423.562012
direction_of_rotation=1
tilt=0.000000
skew=0.000000
slant=0.000000
horizontal_centre=971.100000
vertical_centre=-0.021820
rotation_axis_position=971.109495