[Settings]
mode=2
last_angle=360
pixel_size=0.074800
source_detector_distance=528.014648
source_object_distance=223.550781
direction_of_rotation=1
tilt=0.000000
skew=0.000000
slant=0.000000
horizontal_centre=974.356348
vertical_centre=-3.677673
rotation_axis_position=974.419317